1449.310669	1666.125977	74.031250
1482.095703	1589.694946	74.031250
1396.720703	1560.962158	74.031250
1326.011841	1494.357422	74.031250
1437.636230	1518.533813	74.031250
1537.645264	1541.709839	74.031250
1635.366577	1499.464478	74.031250
1753.063354	1514.171265	74.031250
1887.119751	1520.167114	74.031250
2015.086548	1500.288696	74.031250
2142.489746	1480.824463	74.031250
2225.881592	1374.530151	74.457397
2320.571289	1316.722900	74.031250
2307.211182	1235.546265	74.031250
2202.373535	1159.475586	74.031250
2207.699219	1063.675415	138.031250
2172.781738	973.978394	138.031250
2049.588379	978.938232	202.031250
1955.612671	996.597412	202.031250
1850.842041	1009.483948	202.031250
1720.037109	973.537170	202.031250
1670.009277	893.691772	202.031250
1687.858643	795.096924	202.031250
1694.767944	670.733887	202.031250
1691.744263	579.592163	202.385895
1687.543091	483.837646	202.031250
1729.341187	432.587769	202.031250
1709.545166	376.050659	202.031250
1605.264526	366.099182	202.031250
1509.132935	379.792053	202.031250
1503.400757	482.128357	202.031250
1535.228760	565.663147	202.031250
1503.181274	652.887512	202.031250
1428.496094	680.591492	202.031250
1332.751343	680.321960	202.031250
1225.726196	658.727417	202.031250
1122.354980	639.095520	202.031250
1026.527344	633.934509	202.031250
900.187317	653.595215	202.031250
795.739319	668.478638	202.031250
680.844849	676.738953	202.449905
561.840149	682.670227	202.031250
1079.218994	610.114563	202.031250
1104.478027	512.401367	202.031250
1109.679443	402.139252	202.031250
1121.034058	292.486237	202.031250
1147.859253	195.396515	202.031250
1168.200928	103.816277	202.031250
1232.721069	49.432758	202.031250
1351.130005	40.821449	202.031250
1456.224731	49.406265	202.031250
1527.047852	0.956790	202.031250
1476.721680	-49.803532	202.031250
1413.261841	-87.224152	202.031250
1344.731323	-120.598595	202.031250
1271.728027	-108.164955	202.031250
1185.837524	-144.981201	202.031250
1159.386597	-204.186523	202.031250
1138.547241	-289.426422	202.031250
1134.360718	-374.622101	202.031250
1137.149780	-437.256470	202.031250
1140.917236	-496.987518	202.031250
1143.478149	-581.913696	202.031250
1127.262573	-644.858215	202.031250
1153.978027	-732.586731	202.031250
1208.000732	-773.501221	202.031250
1260.618896	-773.588013	202.031250
1347.173706	-774.024719	202.031250
1379.546875	-830.217041	202.031250
1371.616455	-903.516846	202.031250
1354.415649	-969.705505	202.031250
1334.442993	-1038.098145	202.031250
1311.535889	-1114.539917	202.031250
1288.744385	-1191.015259	202.031250
1287.641602	-1260.238159	210.031250
1364.977173	-1311.879150	210.031250
1435.217285	-1367.806152	210.031250
1496.697266	-1396.767578	210.031250
1578.115112	-1393.910522	210.031250
1637.867798	-1374.977417	210.031250
1739.186523	-1338.156738	210.031250
1695.473877	-1361.323608	210.031250
1727.861694	-1400.690186	210.031250
1760.689697	-1401.666992	10.031250
1687.711182	-1411.006348	10.031250
1613.799805	-1453.690552	10.031250
1548.358154	-1462.093750	10.031250
1527.889893	-1391.445679	10.031250
1566.646973	-1332.676147	10.031250
1595.086060	-1290.727051	10.031250
1605.472534	-1189.403687	10.031250
1606.399414	-1092.552734	-37.968750
1614.410400	-1021.932068	-53.968750
1637.370972	-970.432495	-53.968750
1683.633179	-924.261780	-53.968750
1714.774048	-841.019653	-53.968750
1725.969971	-795.989990	-29.730000
1726.723999	-778.907776	75.169716
1731.051392	-723.285950	74.031250
1779.776489	-641.220154	74.031250
1798.096680	-598.073914	74.031250
1877.640991	-615.220398	74.031250
1555.270752	-747.846252	74.031250
1616.663818	-731.592651	74.031250
1688.977783	-740.076782	74.031250
1682.839233	-989.721375	-53.968750
1739.593018	-1032.413086	-61.968750
1799.478516	-1073.788086	-61.968750
1864.099854	-1078.040161	-61.968750
1910.564087	-1064.823486	-61.968750
1960.088013	-1037.320068	-61.968750
2002.185547	-1003.464722	-53.968750
2031.620361	-949.320923	-53.968750
2037.662720	-887.122681	-53.968750
2034.737061	-806.782471	-53.968750
2027.775024	-696.602600	-53.968750
2042.955078	-584.624146	-53.968750
2057.347656	-499.891479	-53.968750
2055.373535	-412.729218	-53.968750
1982.776001	-369.528381	-29.968750
1897.316528	-360.031372	10.031250
1819.672485	-378.117065	50.031250
1739.919922	-325.172485	74.031250
1779.411377	-231.937164	74.031250
1861.137207	-242.662598	74.031250
1934.146729	-252.280396	74.031250
1754.237305	-195.279282	74.031250
1676.753540	-150.932510	74.031250
1602.851807	-214.795532	74.031250
1580.284790	-308.094452	74.031250
1588.077393	-397.293549	74.031250
1584.393188	-492.749084	74.031250
1563.034302	-577.141357	74.031250
1504.065308	-612.289001	74.031250
1422.802856	-609.029358	114.031250
1333.527466	-624.015930	138.031250
1261.658081	-626.993652	186.031250
1543.530884	-478.382721	74.031250
1467.083130	-493.142700	74.031250
1366.073730	-520.003601	74.031250
1268.673462	-498.870331	74.031250
1175.090088	-481.249512	74.031250
1075.699463	-497.142395	74.031250
1001.567383	-441.279419	74.031250
949.001038	-361.458771	74.031250
908.873474	-286.794495	74.031250
898.163330	-186.870499	74.031250
910.625793	-116.635155	74.031250
910.696106	-21.210585	74.031250
861.197021	45.201904	74.031250
802.852905	108.729553	74.031250
744.114746	213.047501	74.031250
701.083679	314.676971	74.031250
676.539063	402.272308	74.031250
667.978027	507.404114	74.031250
669.485657	593.749084	74.031250
681.690613	703.437866	74.031250
702.819275	791.900085	74.031250
747.894714	855.807556	74.031250
830.801697	892.502625	74.031250
924.001282	883.830017	74.031250
1008.322205	894.021423	74.031250
1066.980835	967.972351	74.031250
1081.782349	1052.321533	74.031250
1075.377319	1152.499756	74.031250
1056.362305	1264.546997	74.031250
1116.378662	1320.277100	74.031250
1209.797729	1339.682861	74.031250
1299.691528	1316.810303	74.031250
1385.293945	1286.324951	74.031250
1477.691284	1248.637085	74.031250
1570.450806	1224.995972	74.031250
1668.058228	1240.235596	70.031250
1763.443970	1249.871704	70.031250
1845.018066	1251.550659	70.031250
1941.927856	1229.771606	70.031250
2050.281006	1221.643311	74.031250
2050.789063	1571.487183	74.031250
1972.889160	1634.260498	74.031250
1888.879517	1668.662109	74.031250
1784.931519	1686.318604	106.031250
1693.951538	1690.593994	138.031250
1608.909424	1676.579834	186.031250
1527.741577	1648.962646	202.031250
1492.726074	1562.741943	202.031250
1458.186768	1573.710693	202.031250
1439.112671	1672.152954	202.031250
1375.865356	1703.170898	202.031250
1385.089111	1632.646484	202.031250
2065.849365	1695.691528	74.031250
2101.032227	1772.373657	77.895477
2044.332520	1818.297729	74.031250
1942.414917	1789.775269	74.031250
2187.968750	1848.671021	74.031250
2125.927979	1677.226196	74.031250
2221.064941	1612.480469	74.031250
2196.200684	1267.883667	74.031250
1889.453003	1172.377075	70.490868
1782.218872	1162.515259	70.031250
1624.588379	1345.120483	74.031250
1075.610962	848.901794	74.031250
710.677917	556.532898	74.031250
802.810242	531.546692	114.031250
877.561157	504.630554	138.031250
982.389587	375.392670	154.031250
992.206299	294.673553	202.031250
992.353882	218.584381	202.031250
1083.988403	251.441727	202.031250
1469.892090	-403.324249	74.031250
1416.108765	-375.733856	74.031250
1341.057495	-468.677460	74.031250
2095.968750	-348.886078	-53.968750
1965.072021	-554.089844	-53.968750
1964.330688	-748.153442	-53.968750
1917.620239	-818.224792	-53.968750
1931.939819	-901.643799	-53.968750
1894.325195	-947.718994	-53.968750
1785.133667	-971.353088	-53.968750
1818.115234	-929.084656	-53.968750
2119.687988	-996.755615	-53.968750
2121.791504	-1143.826294	-53.968750
2058.360352	-1109.382935	-61.968750
1873.323120	-1169.015625	-61.968750
1664.783447	-1292.675171	10.031250
580.611511	410.541992	74.031250
495.540863	433.425232	74.031250
490.964874	434.570068	74.031250
380.127045	460.462280	74.031250
299.928772	434.421600	74.031250
261.017548	360.787750	74.031250
265.836243	241.602432	74.031250
314.344971	171.640152	74.031250
423.169098	160.138809	74.031250
490.459167	141.142105	74.031250
535.968750	9.896563	74.031250
542.499451	-48.732628	74.031250
692.751648	-58.192158	74.031250
444.434845	-58.231331	74.031250
308.687958	-66.215897	74.031250
146.104630	-78.819527	34.031250
70.950790	-127.717201	10.031250
150.976929	-189.293564	10.031250
268.946899	-202.508240	10.031250
372.184326	-223.871475	10.328033
495.800537	-231.570740	10.031250
597.790771	-269.079803	10.031250
647.113159	-339.216278	10.031250
472.699341	-325.517883	10.031250
377.123932	-323.298889	10.031250
244.827271	-281.618378	10.031250
173.481903	-341.048889	10.031250
263.187500	-392.148224	10.031250
374.483368	-429.435516	10.031250
385.583801	-529.629822	10.031250
360.268585	-626.399597	10.031250
383.932251	-753.830139	10.031250
487.475647	-790.875916	10.031250
626.683594	-798.317627	10.031250
776.510925	-691.405640	10.031250
900.243958	-674.158386	10.031250
962.294495	-760.435364	10.031250
942.167419	-845.700562	10.031250
854.336975	-934.207947	10.031250
734.169983	-863.728516	10.031250
854.010620	-1010.971375	10.031250
843.948364	-1110.998779	10.031250
843.590393	-1254.085205	10.031250
800.742371	-1379.999878	10.031250
894.693909	-1450.204834	10.031250
1052.694092	-1451.958496	10.031250
1135.887085	-1467.903076	10.031250
1301.296509	-1488.599365	10.031250
1375.451050	-1422.644775	10.031250
1233.432617	-1390.869751	10.031250
1154.329834	-1338.683594	10.031250
1042.233643	-1317.257202	10.031250
932.563416	-1506.734985	202.031250
928.121887	-1455.815063	202.031250
1026.204346	-1365.002930	202.031250
1098.661865	-1307.628662	202.031250
1122.848755	-1185.893066	202.031250
1166.464111	-1135.619507	202.031250
790.571411	-1475.364014	10.031250
468.577148	-847.005859	10.031250
382.669373	-862.168762	10.031250
284.063202	-766.631775	10.031250
193.559326	-795.017822	10.031250
201.703339	-953.551819	-53.968750
90.902618	-985.979736	-53.968750
-13.760989	-993.888916	-53.968750
-66.584892	-899.979309	-53.968750
-88.802475	-781.842529	-53.968750
58.790123	-734.691467	-56.968750
17.085299	-799.778931	-56.968750
68.876198	-888.123901	-56.968750
